101
102
103
105
106
107
108
109
114
116
120
201
301
302
303
304
306
307
314
315
318
401
402
405
407
408
409
410
411
412
415
416
501
502
503
504
505
507
510
511
513
514
515
516
518
519
520
521
522
524
532
535
550
601
602
603
604
605
606
607
608
610
612
613
614
615
618
701
702
703
705
707
708
709
710
801
803
901
902
903
904
905
906
907
908
909
910
911
912
1001
1002
1004
1005
1006
1008
1009
1010
1011
1012
1013
1014
1015
1016
1018
1021
1023
1101
1102
1103
1104
1105
1106
1107
1108
1113
1116
1118
1201
1202
1203
1204
1205
1207
1208
1209
1210
1215
1218
1220
1301
1302
1303
1304
1305
1306
1307
1308
1310
1312
1313
1401
1402
1403
1404
1405
1406
1415
1428
1501
1502
1503
1504
1505
1507
1508
1509
1510
1511
1512
1513
1514
1515
1517
1518
1520
1522
1523
1524
1528
1601
1602
1604
1605
1606
1607
1609
1613
1616
1701
1702
1703
1704
1705
1707
1708
1709
1711
1714
1716
1717
1801
1802
1803
1804
1805
1808
1812
1814
1816
1817
1818
1820
1901
1902
1903
1904
2001
2002
2101
2102
2103
2104
2105
2106
2107
2109
2110
2112
2113
2114
2117
2118
2120
2125
2129
2130
2132
2201
2202
2203
2204
2205
2206
2207
2215
2218
2219
2220
2301
2302
2304
2305
2307
2308
2401
2501
2502
2503
2504
2505
2506
2508
2509
2510
2511
2512
2513
2514
2516
2517
2522
2523
2601
2801
2803
2804
2806
2807
2808
2810
2813
2817
2901
2902
2903
2904
2912
2914
2918
2923
3001
3002
3003
3005
3006
3011
3015
3016
3017
3019
3027
3044
3101
3102
3104
3111
3112
3114
8101
8102
8103
8104
8105
8106
8107
8108
8109
8110
8111
8112
8113
8114
8115
8116
8117
8118
8119
8128
8129
8130
8131
8133
130983
131024
150303
150304
152921
211282
370281
420582
430281
430482
440982
450821
510181
532522
540121
540123
542333
620200
621022
640521
652822
654025
0
